[+] Compiling "Apollo"...
/home/platinum/Documents/Ibrogame/src/IbraOS/util/../apps/Apollo/boot.rex
[+] Compiling "Hello World"...
/home/platinum/Documents/Ibrogame/src/IbraOS/util/../apps/HelloWorld/hello.rex
(255, 255, 255)
(255, 255, 255)
(255, 255, 255)
(255, 255, 255)
(255, 255, 255)
(255, 255, 255)
(255, 255, 255)
(255, 255, 255)
(255, 255, 255)
(255, 255, 255)
(255, 255, 255)
(255, 255, 255)
(255, 255, 255)
(255, 255, 255)
(255, 255, 255)
(255, 255, 255)
(255, 255, 255)
(255, 255, 255)
(255, 255, 255)
(255, 255, 255)
(255, 255, 255)
(255, 255, 255)
(255, 255, 255)
(255, 255, 255)
(255, 255, 255)
(255, 255, 255)
(255, 255, 255)
(255, 255, 255)
(255, 255, 255)
(255, 255, 255)
(255, 255, 255)
(255, 255, 255)
(255, 255, 255)
(255, 255, 255)
(255, 255, 255)
(255, 255, 255)
(255, 255, 255)
(255, 255, 255)
(255, 255, 255)
(255, 255, 255)
(255, 255, 255)
(255, 255, 255)
(255, 255, 255)
(255, 255, 255)
(255, 255, 255)
(255, 255, 255)
(255, 255, 255)
(255, 255, 255)
(255, 255, 255)
(255, 255, 255)
(255, 255, 255)
(255, 255, 255)
(255, 255, 255)
(255, 255, 255)
(255, 255, 255)
(255, 255, 255)
(255, 255, 255)
(255, 255, 255)
(255, 255, 255)
(255, 255, 255)
(255, 255, 255)
(255, 255, 255)
(255, 255, 255)
(255, 255, 255)
(255, 255, 255)
(255, 255, 255)
(255, 255, 255)
(255, 255, 255)
(255, 255, 255)
(255, 255, 255)
(255, 255, 255)
(255, 255, 255)
(255, 255, 255)
(255, 255, 255)
(255, 255, 255)
(255, 255, 255)
(255, 255, 255)
(255, 255, 255)
(255, 255, 255)
(255, 255, 255)
(255, 255, 255)
(255, 255, 255)
(255, 255, 255)
(255, 255, 255)
(255, 255, 255)
(255, 255, 255)
(255, 255, 255)
(255, 255, 255)
(255, 255, 255)
(255, 255, 255)
(255, 255, 255)
(255, 255, 255)
(255, 255, 255)
(255, 255, 255)
(255, 255, 255)
(255, 255, 255)
(255, 255, 255)
(255, 255, 255)
(255, 255, 255)
(255, 255, 255)
(255, 255, 255)
(255, 255, 255)
(255, 255, 255)
(255, 255, 255)
(255, 255, 255)
(255, 255, 255)
(255, 255, 255)
(255, 255, 255)
(255, 255, 255)
(255, 255, 255)
(255, 255, 255)
(255, 255, 255)
(255, 255, 255)
(255, 255, 255)
(255, 255, 255)
(255, 255, 255)
(255, 255, 255)
(255, 255, 255)
(255, 255, 255)
(255, 255, 255)
(255, 255, 255)
(255, 255, 255)
(255, 255, 255)
(255, 255, 255)
(255, 255, 255)
(255, 255, 255)
(255, 255, 255)
(255, 255, 255)
(255, 255, 255)
(255, 255, 255)
(255, 255, 255)
(255, 255, 255)
(255, 255, 255)
(255, 255, 255)
(255, 255, 255)
(255, 255, 255)
(255, 255, 255)
(203, 255, 253)
(157, 255, 252)
(130, 255, 251)
(117, 255, 251)
(104, 255, 250)
(103, 255, 250)
(118, 255, 251)
(141, 255, 251)
(207, 255, 253)
(255, 255, 255)
(255, 255, 255)
(255, 255, 255)
(255, 255, 255)
(255, 255, 255)
(255, 255, 255)
(255, 255, 255)
(255, 255, 255)
(255, 255, 255)
(255, 255, 255)
(255, 255, 255)
(255, 255, 255)
(255, 255, 255)
(255, 255, 255)
(255, 255, 255)
(255, 255, 255)
(255, 255, 255)
(255, 255, 255)
(255, 255, 255)
(255, 255, 255)
(255, 255, 255)
(218, 255, 254)
(94, 255, 250)
(20, 255, 248)
(0, 255, 247)
(0, 255, 247)
(0, 255, 247)
(0, 255, 247)
(0, 255, 247)
(0, 255, 247)
(0, 255, 247)
(8, 255, 247)
(22, 255, 248)
(94, 255, 250)
(178, 255, 253)
(255, 255, 255)
(255, 255, 255)
(255, 255, 255)
(255, 255, 255)
(255, 255, 255)
(255, 255, 255)
(255, 255, 255)
(255, 255, 255)
(255, 255, 255)
(255, 255, 255)
(255, 255, 255)
(255, 255, 255)
(255, 255, 255)
(255, 255, 255)
(255, 255, 255)
(255, 255, 255)
(255, 255, 255)
(241, 255, 255)
(64, 255, 249)
(1, 255, 247)
(0, 255, 247)
(0, 255, 247)
(0, 255, 247)
(0, 255, 247)
(0, 255, 247)
(0, 255, 247)
(0, 255, 247)
(0, 255, 247)
(0, 255, 247)
(0, 255, 247)
(0, 255, 247)
(9, 255, 247)
(78, 255, 249)
(255, 255, 255)
(255, 255, 255)
(255, 255, 255)
(255, 255, 255)
(255, 255, 255)
(255, 255, 255)
(255, 255, 255)
(255, 255, 255)
(255, 255, 255)
(255, 255, 255)
(255, 255, 255)
(255, 255, 255)
(255, 255, 255)
(255, 255, 255)
(255, 255, 255)
(255, 255, 255)
(78, 255, 249)
(0, 255, 247)
(0, 255, 247)
(0, 255, 247)
(0, 255, 247)
(0, 255, 247)
(0, 255, 247)
(0, 255, 247)
(0, 255, 247)
(0, 255, 247)
(0, 255, 247)
(0, 255, 247)
(0, 255, 247)
(0, 255, 247)
(0, 255, 247)
(0, 255, 247)
(44, 255, 248)
(232, 255, 254)
(255, 255, 255)
(255, 255, 255)
(255, 255, 255)
(255, 255, 255)
(255, 255, 255)
(255, 255, 255)
(255, 255, 255)
(255, 255, 255)
(255, 255, 255)
(255, 255, 255)
(255, 255, 255)
(255, 255, 255)
(255, 255, 255)
(177, 255, 253)
(4, 255, 247)
(0, 255, 247)
(0, 255, 247)
(0, 255, 247)
(0, 255, 247)
(0, 255, 247)
(0, 255, 247)
(0, 255, 247)
(0, 255, 247)
(0, 255, 247)
(0, 255, 247)
(0, 255, 247)
(0, 255, 247)
(0, 255, 247)
(0, 255, 247)
(0, 255, 247)
(0, 255, 247)
(9, 255, 247)
(122, 255, 251)
(255, 255, 255)
(255, 255, 255)
(255, 255, 255)
(255, 255, 255)
(255, 255, 255)
(255, 255, 255)
(255, 255, 255)
(255, 255, 255)
(255, 255, 255)
(255, 255, 255)
(255, 255, 255)
(255, 255, 255)
(35, 255, 248)
(0, 255, 247)
(0, 255, 247)
(0, 255, 247)
(0, 255, 247)
(0, 255, 247)
(0, 255, 247)
(0, 255, 247)
(0, 255, 247)
(0, 255, 247)
(0, 255, 247)
(0, 255, 247)
(0, 255, 247)
(0, 255, 247)
(0, 255, 247)
(0, 255, 247)
(0, 255, 247)
(0, 255, 247)
(0, 255, 247)
(5, 255, 247)
(113, 255, 251)
(255, 255, 255)
(255, 255, 255)
(255, 255, 255)
(255, 255, 255)
(255, 255, 255)
(255, 255, 255)
(255, 255, 255)
(255, 255, 255)
(255, 255, 255)
(255, 255, 255)
(224, 255, 254)
(1, 255, 247)
(0, 255, 247)
(0, 255, 247)
(0, 255, 247)
(0, 255, 247)
(0, 255, 247)
(0, 255, 247)
(0, 255, 247)
(0, 255, 247)
(0, 255, 247)
(0, 255, 247)
(0, 255, 247)
(0, 255, 247)
(0, 255, 247)
(0, 255, 247)
(0, 255, 247)
(0, 255, 247)
(0, 255, 247)
(0, 255, 247)
(0, 255, 247)
(17, 255, 248)
(255, 255, 255)
(255, 255, 255)
(255, 255, 255)
(255, 255, 255)
(255, 255, 255)
(255, 255, 255)
(255, 255, 255)
(255, 255, 255)
(255, 255, 255)
(255, 255, 255)
(90, 255, 250)
(0, 255, 247)
(0, 255, 247)
(0, 255, 247)
(0, 255, 247)
(0, 255, 247)
(0, 255, 247)
(0, 255, 247)
(0, 255, 247)
(0, 255, 247)
(0, 255, 247)
(0, 255, 247)
(0, 255, 247)
(0, 255, 247)
(0, 255, 247)
(0, 255, 247)
(0, 255, 247)
(0, 255, 247)
(0, 255, 247)
(0, 255, 247)
(0, 255, 247)
(0, 255, 247)
(132, 255, 251)
(255, 255, 255)
(255, 255, 255)
(255, 255, 255)
(255, 255, 255)
(255, 255, 255)
(255, 255, 255)
(255, 255, 255)
(255, 255, 255)
(255, 255, 255)
(29, 255, 248)
(0, 255, 247)
(0, 255, 247)
(0, 255, 247)
(0, 255, 247)
(0, 255, 247)
(0, 255, 247)
(0, 255, 247)
(0, 255, 247)
(0, 255, 247)
(0, 255, 247)
(0, 255, 247)
(0, 255, 247)
(0, 255, 247)
(0, 255, 247)
(0, 255, 247)
(0, 255, 247)
(0, 255, 247)
(0, 255, 247)
(0, 255, 247)
(0, 255, 247)
(0, 255, 247)
(94, 255, 250)
(255, 255, 255)
(255, 255, 255)
(255, 255, 255)
(255, 255, 255)
(255, 255, 255)
(255, 255, 255)
(255, 255, 255)
(255, 255, 255)
(209, 255, 254)
(8, 255, 247)
(0, 255, 247)
(0, 255, 247)
(0, 255, 247)
(0, 255, 247)
(0, 255, 247)
(0, 255, 247)
(0, 255, 247)
(0, 255, 247)
(0, 255, 247)
(0, 255, 247)
(0, 255, 247)
(0, 255, 247)
(0, 255, 247)
(0, 255, 247)
(0, 255, 247)
(0, 255, 247)
(0, 255, 247)
(0, 255, 247)
(0, 255, 247)
(0, 255, 247)
(0, 255, 247)
(145, 255, 252)
(255, 255, 255)
(255, 255, 255)
(255, 255, 255)
(255, 255, 255)
(255, 255, 255)
(255, 255, 255)
(255, 255, 255)
(255, 255, 255)
(192, 255, 253)
(1, 255, 247)
(0, 255, 247)
(0, 255, 247)
(0, 255, 247)
(0, 255, 247)
(0, 255, 247)
(0, 255, 247)
(0, 255, 247)
(0, 255, 247)
(0, 255, 247)
(0, 255, 247)
(0, 255, 247)
(0, 255, 247)
(0, 255, 247)
(0, 255, 247)
(0, 255, 247)
(0, 255, 247)
(0, 255, 247)
(0, 255, 247)
(0, 255, 247)
(0, 255, 247)
(24, 255, 248)
(254, 255, 255)
(255, 255, 255)
(255, 255, 255)
(255, 255, 255)
(255, 255, 255)
(255, 255, 255)
(255, 255, 255)
(255, 255, 255)
(255, 255, 255)
(235, 255, 254)
(37, 255, 248)
(0, 255, 247)
(0, 255, 247)
(0, 255, 247)
(0, 255, 247)
(0, 255, 247)
(0, 255, 247)
(0, 255, 247)
(0, 255, 247)
(0, 255, 247)
(0, 255, 247)
(0, 255, 247)
(0, 255, 247)
(0, 255, 247)
(0, 255, 247)
(0, 255, 247)
(0, 255, 247)
(0, 255, 247)
(0, 255, 247)
(0, 255, 247)
(12, 255, 247)
(144, 255, 252)
(255, 255, 255)
(255, 255, 255)
(255, 255, 255)
(255, 255, 255)
(255, 255, 255)
(255, 255, 255)
(255, 255, 255)
(255, 255, 255)
(255, 255, 255)
(255, 255, 255)
(113, 255, 251)
(0, 255, 247)
(0, 255, 247)
(0, 255, 247)
(0, 255, 247)
(0, 255, 247)
(0, 255, 247)
(0, 255, 247)
(0, 255, 247)
(0, 255, 247)
(0, 255, 247)
(0, 255, 247)
(0, 255, 247)
(0, 255, 247)
(0, 255, 247)
(0, 255, 247)
(0, 255, 247)
(0, 255, 247)
(0, 255, 247)
(5, 255, 247)
(119, 255, 251)
(255, 255, 255)
(255, 255, 255)
(255, 255, 255)
(255, 255, 255)
(255, 255, 255)
(255, 255, 255)
(255, 255, 255)
(255, 255, 255)
(255, 255, 255)
(255, 255, 255)
(255, 255, 255)
(239, 255, 254)
(23, 255, 248)
(0, 255, 247)
(0, 255, 247)
(0, 255, 247)
(0, 255, 247)
(0, 255, 247)
(0, 255, 247)
(0, 255, 247)
(0, 255, 247)
(0, 255, 247)
(0, 255, 247)
(0, 255, 247)
(0, 255, 247)
(0, 255, 247)
(0, 255, 247)
(0, 255, 247)
(0, 255, 247)
(0, 255, 247)
(0, 255, 247)
(21, 255, 248)
(200, 255, 253)
(255, 255, 255)
(255, 255, 255)
(255, 255, 255)
(255, 255, 255)
(255, 255, 255)
(255, 255, 255)
(255, 255, 255)
(255, 255, 255)
(255, 255, 255)
(255, 255, 255)
(255, 255, 255)
(141, 255, 251)
(3, 255, 247)
(0, 255, 247)
(0, 255, 247)
(0, 255, 247)
(0, 255, 247)
(0, 255, 247)
(0, 255, 247)
(0, 255, 247)
(0, 255, 247)
(0, 255, 247)
(0, 255, 247)
(0, 255, 247)
(0, 255, 247)
(0, 255, 247)
(0, 255, 247)
(0, 255, 247)
(0, 255, 247)
(0, 255, 247)
(0, 255, 247)
(46, 255, 248)
(236, 255, 254)
(255, 255, 255)
(255, 255, 255)
(255, 255, 255)
(255, 255, 255)
(255, 255, 255)
(255, 255, 255)
(255, 255, 255)
(255, 255, 255)
(255, 255, 255)
(255, 255, 255)
(255, 255, 255)
(75, 255, 249)
(0, 255, 247)
(0, 255, 247)
(0, 255, 247)
(0, 255, 247)
(0, 255, 247)
(0, 255, 247)
(0, 255, 247)
(0, 255, 247)
(0, 255, 247)
(0, 255, 247)
(0, 255, 247)
(0, 255, 247)
(0, 255, 247)
(0, 255, 247)
(0, 255, 247)
(0, 255, 247)
(0, 255, 247)
(0, 255, 247)
(0, 255, 247)
(133, 255, 251)
(255, 255, 255)
(255, 255, 255)
(255, 255, 255)
(255, 255, 255)
(255, 255, 255)
(255, 255, 255)
(255, 255, 255)
(255, 255, 255)
(255, 255, 255)
(255, 255, 255)
(255, 255, 255)
(199, 255, 253)
(1, 255, 247)
(0, 255, 247)
(0, 255, 247)
(0, 255, 247)
(0, 255, 247)
(0, 255, 247)
(0, 255, 247)
(0, 255, 247)
(0, 255, 247)
(0, 255, 247)
(0, 255, 247)
(0, 255, 247)
(0, 255, 247)
(0, 255, 247)
(0, 255, 247)
(0, 255, 247)
(0, 255, 247)
(0, 255, 247)
(1, 255, 247)
(74, 255, 249)
(255, 255, 255)
(255, 255, 255)
(255, 255, 255)
(255, 255, 255)
(255, 255, 255)
(255, 255, 255)
(255, 255, 255)
(255, 255, 255)
(255, 255, 255)
(255, 255, 255)
(255, 255, 255)
(255, 255, 255)
(31, 255, 248)
(0, 255, 247)
(0, 255, 247)
(0, 255, 247)
(0, 255, 247)
(0, 255, 247)
(0, 255, 247)
(0, 255, 247)
(0, 255, 247)
(0, 255, 247)
(0, 255, 247)
(0, 255, 247)
(0, 255, 247)
(0, 255, 247)
(0, 255, 247)
(0, 255, 247)
(0, 255, 247)
(0, 255, 247)
(1, 255, 247)
(65, 255, 249)
(255, 255, 255)
(255, 255, 255)
(255, 255, 255)
(255, 255, 255)
(255, 255, 255)
(255, 255, 255)
(255, 255, 255)
(255, 255, 255)
(255, 255, 255)
(255, 255, 255)
(255, 255, 255)
(255, 255, 255)
(67, 255, 249)
(0, 255, 247)
(0, 255, 247)
(0, 255, 247)
(0, 255, 247)
(0, 255, 247)
(0, 255, 247)
(0, 255, 247)
(0, 255, 247)
(0, 255, 247)
(0, 255, 247)
(0, 255, 247)
(0, 255, 247)
(0, 255, 247)
(0, 255, 247)
(0, 255, 247)
(0, 255, 247)
(1, 255, 247)
(1, 255, 247)
(117, 255, 251)
(255, 255, 255)
(255, 255, 255)
(255, 255, 255)
(255, 255, 255)
(255, 255, 255)
(255, 255, 255)
(255, 255, 255)
(255, 255, 255)
(255, 255, 255)
(255, 255, 255)
(255, 255, 255)
(255, 255, 255)
(154, 255, 252)
(1, 255, 247)
(0, 255, 247)
(0, 255, 247)
(0, 255, 247)
(0, 255, 247)
(0, 255, 247)
(0, 255, 247)
(0, 255, 247)
(0, 255, 247)
(0, 255, 247)
(0, 255, 247)
(0, 255, 247)
(0, 255, 247)
(0, 255, 247)
(0, 255, 247)
(0, 255, 247)
(1, 255, 247)
(49, 255, 249)
(208, 255, 254)
(255, 255, 255)
(255, 255, 255)
(255, 255, 255)
(255, 255, 255)
(255, 255, 255)
(255, 255, 255)
(255, 255, 255)
(255, 255, 255)
(255, 255, 255)
(255, 255, 255)
(255, 255, 255)
(255, 255, 255)
(245, 255, 255)
(66, 255, 249)
(1, 255, 247)
(0, 255, 247)
(0, 255, 247)
(0, 255, 247)
(0, 255, 247)
(0, 255, 247)
(0, 255, 247)
(0, 255, 247)
(0, 255, 247)
(0, 255, 247)
(0, 255, 247)
(0, 255, 247)
(0, 255, 247)
(0, 255, 247)
(0, 255, 247)
(50, 255, 249)
(166, 255, 252)
(255, 255, 255)
(255, 255, 255)
(255, 255, 255)
(255, 255, 255)
(255, 255, 255)
(255, 255, 255)
(255, 255, 255)
(255, 255, 255)
(255, 255, 255)
(255, 255, 255)
(255, 255, 255)
(255, 255, 255)
(255, 255, 255)
(255, 255, 255)
(184, 255, 253)
(57, 255, 249)
(1, 255, 247)
(0, 255, 247)
(0, 255, 247)
(0, 255, 247)
(0, 255, 247)
(0, 255, 247)
(0, 255, 247)
(0, 255, 247)
(0, 255, 247)
(0, 255, 247)
(1, 255, 247)
(5, 255, 247)
(29, 255, 248)
(118, 255, 251)
(214, 255, 254)
(255, 255, 255)
(255, 255, 255)
(255, 255, 255)
(255, 255, 255)
(255, 255, 255)
(255, 255, 255)
(255, 255, 255)
(255, 255, 255)
(255, 255, 255)
(255, 255, 255)
(255, 255, 255)
(255, 255, 255)
(255, 255, 255)
(255, 255, 255)
(255, 255, 255)
(255, 255, 255)
(217, 255, 254)
(119, 255, 251)
(46, 255, 248)
(18, 255, 248)
(7, 255, 247)
(1, 255, 247)
(14, 255, 247)
(36, 255, 248)
(59, 255, 249)
(71, 255, 249)
(80, 255, 250)
(113, 255, 251)
(175, 255, 252)
(255, 255, 255)
(255, 255, 255)
(255, 255, 255)
(255, 255, 255)
(255, 255, 255)
(255, 255, 255)
(255, 255, 255)
(255, 255, 255)
(255, 255, 255)
(255, 255, 255)
(255, 255, 255)
(255, 255, 255)
(255, 255, 255)
(255, 255, 255)
(255, 255, 255)
(255, 255, 255)
(255, 255, 255)
(255, 255, 255)
(255, 255, 255)
(255, 255, 255)
(255, 255, 255)
(255, 255, 255)
(255, 255, 255)
(208, 255, 254)
(178, 255, 253)
(213, 255, 254)
(255, 255, 255)
(255, 255, 255)
(255, 255, 255)
(255, 255, 255)
(255, 255, 255)
(255, 255, 255)
(255, 255, 255)
(255, 255, 255)
(255, 255, 255)
(255, 255, 255)
(255, 255, 255)
(255, 255, 255)
(255, 255, 255)
(255, 255, 255)
(255, 255, 255)
(255, 255, 255)
(255, 255, 255)
(255, 255, 255)
(255, 255, 255)
(255, 255, 255)
(255, 255, 255)
(255, 255, 255)
(255, 255, 255)
(255, 255, 255)
(255, 255, 255)
(255, 255, 255)
(255, 255, 255)
(255, 255, 255)
(255, 255, 255)
(255, 255, 255)
(255, 255, 255)
(255, 255, 255)
(255, 255, 255)
(255, 255, 255)
(255, 255, 255)
(255, 255, 255)
(255, 255, 255)
(255, 255, 255)
(255, 255, 255)
(255, 255, 255)
(255, 255, 255)
(255, 255, 255)
(255, 255, 255)
(255, 255, 255)
(255, 255, 255)
(255, 255, 255)
(255, 255, 255)
(255, 255, 255)
(255, 255, 255)
(255, 255, 255)
(255, 255, 255)
(255, 255, 255)
(255, 255, 255)
(255, 255, 255)
(255, 255, 255)
(255, 255, 255)
(255, 255, 255)
(255, 255, 255)
(255, 255, 255)
(255, 255, 255)
(255, 255, 255)
(255, 255, 255)
(255, 255, 255)
(255, 255, 255)
(255, 255, 255)
(255, 255, 255)
(255, 255, 255)
(255, 255, 255)
(255, 255, 255)
(255, 255, 255)
(255, 255, 255)
(255, 255, 255)
(255, 255, 255)
(255, 255, 255)
(255, 255, 255)
(255, 255, 255)
(255, 255, 255)
(255, 255, 255)
(255, 255, 255)
(255, 255, 255)
(255, 255, 255)
(255, 255, 255)
(255, 255, 255)
(255, 255, 255)
(255, 255, 255)
(255, 255, 255)
(255, 255, 255)
(255, 255, 255)
(255, 255, 255)
(255, 255, 255)
(255, 255, 255)
(255, 255, 255)
(255, 255, 255)
(255, 255, 255)
(255, 255, 255)
(255, 255, 255)
(255, 255, 255)
(255, 255, 255)
(255, 255, 255)
(255, 255, 255)
(255, 255, 255)
(255, 255, 255)
(255, 255, 255)
(255, 255, 255)
(255, 255, 255)
(255, 255, 255)
(255, 255, 255)
(255, 255, 255)
(255, 255, 255)
(255, 255, 255)
(255, 255, 255)
(255, 255, 255)
(255, 255, 255)
(255, 255, 255)
(255, 255, 255)
(255, 255, 255)
(255, 255, 255)
(255, 255, 255)
(255, 255, 255)
(255, 255, 255)
(255, 255, 255)
(255, 255, 255)
(255, 255, 255)
(255, 255, 255)
(255, 255, 255)
(255, 255, 255)
(255, 255, 255)
(255, 255, 255)
(255, 255, 255)
(255, 255, 255)
(255, 255, 255)
(255, 255, 255)
(255, 255, 255)
(255, 255, 255)
(255, 255, 255)
(255, 255, 255)
(255, 255, 255)
(255, 255, 255)
(255, 255, 255)
(255, 255, 255)
(255, 255, 255)
(255, 255, 255)
(255, 255, 255)
(255, 255, 255)
